0,496
18,6
13,46
18,5
18,2
13,39
18,1
17,8
13,54
17,7
17,6
13,64
17,5
17,2
13,20
17,1
13,51
16,7
15,9
15,7
15,6
15,5
16,6
15,2
16,1
15,1
16,8
14,1
16,2
14,9
14,5
16,5
14,2
13,132
13,131
13,129
13,70
13,63
13,62
13,57
13,55
13,49
13,48
13,47
13,45
13,36
13,34
13,25
13,24
13,22
13,21
13,17
13,10
13,9
13,8
13,7
13,6
13,5
13,2
13,1
8,7
8,6
8,5
8,2
8,1
6,6
6,5
6,2
6,1
5,6
5,5
5,2
5,1
0,662
0,661
0,660
0,659
0,658
0,657
0,656
0,655
0,654
0,653
0,652
0,651
0,650
0,649
0,648
0,647
0,646
2,2
0,645
2,1
0,644
2,5
0,643
0,642
0,641
0,640
0,639
0,638
0,637
0,636
0,635
0,634
0,633
0,632
0,631
0,630
0,629
0,628
0,627
0,626
0,625
0,624
0,623
0,622
0,621
0,620
0,619
0,618
0,617
0,616
0,615
0,614
0,613
0,612
0,611
0,610
0,609
0,608
0,607
0,606
0,605
0,604
0,603
0,602
0,601
0,600
0,599
0,598
0,508
0,340
0,308
0,305
0,311
0,310
0,0
0,307
0,306
0,13
0,339
0,11
0,9
73,34
73,33
73,32
73,31
73,30
73,29
73,28
73,27
73,26
73,25
73,24
73,23
73,22
73,21
73,20
73,19
73,18
73,17
73,16
73,15
73,14
73,13
